0.4105    1.1578
0.5995    1.0648
0.5095    1.1068
0.3265    1.2238
0.1375    1.3558
0.2095    1.2808
0.1915    1.5208
0.5245    1.5178
0.5845    1.4307
1.8760    2.0938
1.4020    2.0968
1.8010    1.6798
0.4045    2.1237
1.1005    2.1507
0.4375    2.0758
0.8335    1.8088
1.2205    1.7007
1.5955    1.7877
3.3190    1.9827
3.0880    1.9617
3.2770    2.1448
2.1760    2.1927
3.3925    1.2478
1.7867    1.2928
2.0328    0.6686
1.5526    0.7827
1.7117    0.9597
0.9655    0.8878
0.8155    0.8788
1.0825    0.6658
0.8905    0.7108
0.7015    0.7528
3.1525    0.7798
3.1345    1.4368
2.5585    1.2568
2.8045    1.3468
2.5945    1.6033
2.7235    1.5463
2.9965    1.5043
2.2435    1.4892
3.0025    1.7112
2.9065    1.0003
3.0835    1.0033
2.3695    0.9793
3.9370    1.7308
3.6040    1.9258
3.4690    1.0258
3.6010    1.0348
3.7510    1.0438




0.4975    0.8368
0.6325    0.7048
0.5665    0.7678
0.4315    0.9058
0.3115    1.0828
0.3625    0.9988
0.4045    1.2388
0.6955    1.2538
0.7375    1.1638
1.9000    1.7637
1.5190    1.7757
1.8100    1.3678
0.7330    1.8297
1.3000    1.8417
0.7450    1.7877
1.0300    1.5597
1.3330    1.4278
1.6570    1.5148
3.0580    1.6407
2.8840    1.6107
3.0130    1.7728
2.1415    1.8417
3.2725    0.8848
1.7755    0.9538
1.9855    0.0913
1.5085    0.2923
1.6915    0.5773
0.9520    0.4723
0.7600    0.3853
1.0000    0.0733
0.8020    0.1453
0.6310    0.2113
3.0950    0.3100
2.9810    1.1112
2.4799    0.9012
2.7019    0.9942
2.4910    1.2913
2.6020    1.2313
2.8420    1.1833
2.1850    1.1983
2.8270    1.3903
2.8210    0.6163
2.9860    0.6223
2.3140    0.5893
3.6100    1.3783
3.2920    1.5777
3.3460    0.6493
3.4780    0.6583
3.5950    0.6673