1.620000e+02 39
8.600000e+01 6.100000e+01
5.000000e+01 41
4.400000e+01 1.170000e+02
2.600000e+01 1.470000e+02
2.000000e+01 1.750000e+02
480 37
496 7.700000e+01
372 5.700000e+01
422 3.430000e+02
364 3.710000e+02
266 3.570000e+02
2.160000e+02 3.750000e+02
2.480000e+02 3.690000e+02
2.180000e+02 3.710000e+02
1.360000e+02 3.710000e+02
1.160000e+02 3.430000e+02
8.000000e+01 3.670000e+02
2.400000e+01 3.630000e+02
1.000000e+01 3.430000e+02
2.600000e+01 3.730000e+02
1.500000e+02 3.690000e+02
509 207
505 220
505 261
509 232
214 372
506 314
95 360
3 253
15 353
92 348
271 308
106 309
120 308
106 329
212 311
94 76
96 71
3 273
200 310
227 310
293 310
283 309
205 311
101 314
510 309
494 3.670000e+02