207.3750   83.1250
183.8750   85.1250
200.8750    2.1250
123.8750  194.6250
173.8750  201.6250
111.8750  172.6250
179.3750  174.6250
197.8750  181.6250
225.3750  200.1250
250.8750  179.6250
274.8750  194.1250
96.3750  187.1250
97.8750  236.6250
78.3750  211.1250
199.3750  254.1250
299.3750  178.1250
318.8750  161.1250
295.8750  230.1250
225.8750  260.6250
173.8750  260.6250
76.8750  164.6250
218.3750  176.6250
283.3750  172.1250
275.8750  103.6250
123.8750  105.6250
86.8750   59.1250
160.3750  283.8750
198.8750  283.8750
199.3750  269.3750
236.8750  283.3750
198.8750  304.8750
202.3750  341.8750
119.3750  282.6250
275.3750  282.6250
201.3750  397.8750
201.8750  373.3750
191.8750    0.8750
202.8750  343.3750
95.3750  205.8750
297.3750  209.3750




170.8750  107.3750
160.3750  108.3750
163.3750   57.8750
124.8750  178.8750
158.3750  180.8750
119.3750  167.8750
158.8750  165.1250
169.8750  167.6250
184.3750  179.6250
198.3750  170.1250
215.8750  177.6250
105.8750  189.1250
105.8750  222.1250
93.8750  198.1250
169.3750  208.6250
232.3750  182.6250
241.3750  173.1250
231.3750  222.1250
189.3750  217.6250
154.8750  217.1250
91.3750  175.1250
181.8750  164.6250
219.3750  165.1250
219.8750  120.3750
119.3750  124.3750
103.8750   88.6250
147.8750  236.3750
172.3750  233.3750
171.8750  218.8750
194.8750  235.3750
171.8750  244.8750
170.3750  273.8750
127.8750  243.8750
216.3750  243.3750
169.8750  301.8750
168.8750  290.3750
163.8750   60.8750
169.8750  274.3750
104.8750  198.3750
233.3750  195.8750