202.8750  343.8750
202.8750  306.3750
199.3750  282.3750
200.8750  270.3750
178.8750  263.8750
216.3750  262.8750
198.3750  188.8750
172.3750  201.3750
225.8750  201.3750
275.3750  194.3750
200.8750   85.8750
202.8750    4.6250
235.8750  284.6250
203.8750  399.8750
203.3750  375.3750
210.3750  458.8750
214.3750  362.8750
192.3750  363.3750
1.9900 398.1940




184.8750  412.1250
186.8750  352.1250
187.3750  330.1250
186.8750  304.1250
167.8750  307.6250
202.3750  305.6250
185.3750  217.3750
163.8750  230.3750
206.8750  230.3750
256.3750  223.8750
186.3750   93.3750
190.3750    4.6250
222.3750  335.1250
183.8750  460.8750
183.3750  441.3750
177.3750  501.3750
194.8750  433.8750
174.3750  433.8750
1.8750	469.3750