195.0172 138.4336
230.4497 119.6327
248.5275 82.7540
252.8661 71.1842
252.8661 41.5366
240.5732 29.2437
237.6808 27.0744
250.6968 22.0126
262.9897 30.6899
267.3284 63.2300
263.7128 73.3535
265.8822 115.2941
278.8982 116.7403
299.1453 131.2025
313.6076 144.2185
332.4085 155.0652
346.1476 161.5732
365.6716 167.3581
383.7494 168.0812
393.8730 168.0812
408.3352 170.2506
424.9668 168.0812
435.0904 159.4039
236.9577 220.1453
213.0950 213.6373
221.7723 174.5892
186.3398 159.4039
221.7723 117.4634
263.7128 99.3856
261.5435 81.3078
270.2208 104.4474
226.1110 160.8501
218.1568 231.7151
233.3421 267.1476
250.6968 283.7792
262.2666 316.3192
270.2208 332.9508
252.8661 354.6442
230.4497 387.1842
216.7105 420.4474
205.1407 432.7403
200.8021 447.2025
202.9714 460.2185
205.1407 366.2140
177.6625 366.9371
166.0927 361.8753
136.4451 359.7059
108.9668 359.7059
108.9668 374.1682
105.3513 388.6304
93.7815 398.7540
83.6579 415.3856
242.0195 336.5664
240.5732 286.6716
233.3421 228.0995
171.8776 192.6670
170.4314 212.1911
169.7082 227.3764
169.7082 254.8547
168.2620 266.4245
176.2162 267.1476
176.2162 279.4405
186.3398 263.5320
236.9577 233.1613
263.7128 107.3398
254.0000 263.0000
244.0000 229.0000
240.0000 255.0000
254.0000 307.0000
260.0000 321.0000
248.0000 343.0000
222.0000 353.0000
194.0000 353.0000
194.0000 363.0000
250.0000 375.0000
248.0000 381.0000
262.0000 363.0000
272.0000 329.0000
272.0000 317.0000
272.0000 285.0000
264.0000 269.0000
250.0000 255.0000
236.0000 241.0000
230.0000 247.0000
230.0000 277.0000
246.0000 299.0000
262.0000 339.0000
246.0000 369.0000
212.0000 347.0000
190.0000 353.0000
208.0000 361.0000
238.0000 383.0000
282.0000 299.0000
282.0000 313.0000
288.0000 319.0000
286.0000 351.0000
278.0000 363.0000
276.0000 365.0000
262.0000 371.0000
258.0000 377.0000
258.0000 389.0000
242.0000 399.0000
238.0000 407.0000
258.0000 391.0000
376.0000 169.0000
398.0000 169.0000
178.0000 283.0000
170.0000 279.0000
168.0000 283.0000
200.0000 451.0000
210.0000 421.0000
224.0000 411.0000
212.0000 399.0000
214.0000 407.0000
196.0000 431.0000
196.0000 433.0000
204.0000 447.0000
206.0000 465.0000
420.0000 167.0000
432.0000 161.0000
442.0000 161.0000
208.0000 399.0000
208.0000 415.0000
208.0000 407.0000
204.0000 403.0000
204.0000 403.0000
220.0000 421.0000
220.0000 421.0000
222.0000 421.0000
222.0000 421.0000
222.0000 415.0000
168.2620 245.4542
168.2620 247.6236
170.4314 247.6236
173.3238 247.6236
171.1545 245.4542
164.6465 245.4542
243.0000 48.0000
261.0000 47.0000
243.0000 47.0000
244.0000 49.0000
184 429
184 429
186 437
190 445
184 437
192 431
192 439
196 445