262.0000 77.0000
262.0000 71.0000
270.0000 41.0000
256.0000 31.0000
248.0000 31.0000
248.0000 25.0000
262.0000 15.0000
246.0000 13.0000
250.0000 27.0000
238.0000 39.0000
244.0000 53.0000
244.0000 45.0000
260.0000 47.0000
262.0000 43.0000
252.0000 55.0000
256.0000 69.0000
256.0000 67.0000
250.0000 63.0000
248.0000 53.0000
238.0000 43.0000
238.0000 29.0000
258.0000 29.0000
270.0000 29.0000
268.0000 99.0000
268.0000 105.0000
268.0000 113.0000
268.0000 119.0000
270.0000 125.0000
268.0000 119.0000
268.0000 107.0000
268.0000 101.0000
266.0000 101.0000
166.0927 270.0400
171.8776 264.2551
177.6625 259.9165
173.3238 249.7929
171.8776 248.3467
170.4314 246.9005
170.4314 240.3924
170.4314 229.5458
169.7082 223.0378
168.9851 220.8684
164.6465 217.9760
168.9851 217.9760
171.1545 264.2551
170.4314 245.4542
175.4931 245.4542
176.2162 245.4542
376.5183 166.6350
386.6419 168.0812
393.1499 168.8043
398.2117 168.8043
409.7815 171.6968
416.2895 169.5275
421.3513 157.9577
422.0744 160.1270
423.5206 163.0195
243.0000 48.0000
261.0000 47.0000
243.0000 47.0000
244.0000 49.0000