278.0000 317.0000
262.0000 285.0000
254.0000 265.0000
244.0000 263.0000
244.0000 281.0000
244.0000 299.0000
240.0000 317.0000
240.0000 337.0000
236.0000 353.0000
194.0000 353.0000
180.0000 353.0000
154.0000 353.0000
152.0000 361.0000
128.0000 363.0000
116.0000 363.0000
114.0000 373.0000
104.0000 383.0000
190.0000 437.0000
194.0000 447.0000
204.0000 453.0000
208.0000 469.0000
206.0000 435.0000
208.0000 435.0000
216.0000 415.0000
218.0000 419.0000
208.0000 405.0000
216.0000 411.0000
234.0000 397.0000
248.0000 369.0000
264.0000 361.0000
282.0000 325.0000
274.0000 301.0000
266.0000 279.0000
258.0000 257.0000
232.0000 249.0000
226.0000 235.0000
216.0000 227.0000
210.0000 221.0000
206.0000 221.0000
222.0000 235.0000
226.0000 261.0000
232.0000 283.0000
234.0000 301.0000
236.0000 317.0000
236.0000 335.0000
184 429
184 429
186 437
190 445
184 437
192 431
192 439
196 445